cluster_id	size	x	y	z	x_std	y_std	z_std	radius	radius_std	occupancy
-1	19078	 48.713727	 41.879409	 51.683531	  6.668568	  5.404050	 13.471672	 20.4315	  3.6505	   nan
 0	12918	 55.212668	 43.765055	 60.340314	  2.878623	  4.417302	  5.483079	 10.4124	  1.9466	 25.78
 1	  780	 60.891044	 45.092219	 63.973343	  0.509667	  1.278091	  1.101973	  2.4032	  0.4470	  1.56
 2	  507	 55.175709	 37.603719	 48.606845	  0.288570	  0.620103	  0.398432	  1.3750	  0.3458	  1.01
 3	  646	 53.254878	 36.083599	 66.490196	  1.043583	  0.694258	  1.321566	  2.4583	  0.5053	  1.29
 4	 1007	 46.241842	 38.272969	 42.135059	  1.198129	  0.865843	  1.339712	  2.8241	  0.5501	  2.01
 5	 6582	 43.064736	 45.236940	 41.935227	  1.384360	  3.277543	  4.204285	  7.5613	  1.5978	 13.14
 6	  488	 51.945766	 45.290228	 38.803726	  0.408051	  0.484796	  0.932053	  1.6869	  0.6426	  0.97
 7	  273	 52.455719	 38.615932	 62.997427	  0.571429	  0.482590	  0.599851	  1.4070	  0.2473	  0.54
 8	 1730	 47.922470	 42.861093	 59.144810	  1.777807	  1.304430	  1.812926	  4.2714	  0.6670	  3.45
 9	  312	 48.187667	 33.980731	 34.424437	  0.459759	  0.520181	  0.560877	  1.4583	  0.3307	  0.62
10	  418	 53.463124	 45.620796	 69.992681	  0.495166	  0.417059	  0.728008	  1.5068	  0.3792	  0.83
11	  472	 58.882521	 35.972632	 51.628577	  0.328038	  0.474155	  0.524069	  1.3068	  0.2823	  0.94
12	  217	 50.753197	 36.793456	 64.424353	  0.474769	  0.436884	  0.519244	  1.2328	  0.2582	  0.43
13	  161	 49.119895	 42.406133	 37.876897	  0.484989	  0.487585	  0.516069	  1.1708	  0.2451	  0.32
14	  342	 41.464444	 38.151062	 40.411369	  0.606160	  0.611717	  0.769546	  1.5734	  0.2622	  0.68
15	  371	 57.930265	 46.925507	 71.074387	  0.478952	  0.497323	  0.556295	  1.3542	  0.1804	  0.74
16	  362	 48.312518	 46.387630	 71.759468	  0.459028	  0.961289	  0.378573	  1.6280	  0.3273	  0.72
17	  495	 53.288752	 40.555306	 48.313301	  0.371103	  0.421459	  0.316838	  1.1277	  0.2318	  0.99
18	  195	 52.816644	 40.786603	 61.499770	  0.489906	  0.480323	  0.604969	  1.2717	  0.2146	  0.39
19	  332	 47.605914	 36.780126	 35.153821	  0.578575	  0.586964	  0.595792	  1.5157	  0.2439	  0.66
20	   52	 47.001095	 38.517726	 36.657193	  0.290265	  0.259897	  0.517589	  0.7494	  0.1668	  0.10
21	  408	 54.366404	 48.245632	 58.968237	  0.966816	  0.495007	  0.882636	  1.9188	  0.3813	  0.81
22	  947	 50.959784	 33.213453	 70.198284	  1.132411	  1.580352	  0.998027	  3.1571	  0.5371	  1.89
23	  160	 45.536466	 44.283574	 57.375241	  0.495125	  0.450702	  0.534740	  1.1660	  0.1765	  0.32
24	  311	 46.159524	 41.051867	 61.145883	  0.434408	  0.444952	  0.791570	  1.5650	  0.3844	  0.62
25	   61	 40.849514	 42.127342	 34.243630	  0.280323	  0.275223	  0.708178	  0.9298	  0.2852	  0.12
26	  176	 61.954258	 39.042870	 49.054886	  0.201181	  0.419015	  0.404010	  0.9558	  0.1835	  0.35
27	  380	 41.185674	 46.816583	 36.062661	  0.518145	  0.689108	  1.221417	  1.8512	  0.5944	  0.76
28	  179	 40.312051	 42.009510	 41.522816	  0.528900	  0.422066	  0.745258	  1.2828	  0.2684	  0.36
29	   81	 40.808752	 43.332426	 41.941130	  0.303473	  0.313936	  0.694391	  0.9941	  0.3160	  0.16
30	  144	 53.606049	 36.219228	 71.423340	  0.460739	  0.477334	  0.621495	  1.1304	  0.1778	  0.29
31	  118	 47.487726	 43.659267	 55.390578	  0.397441	  0.383327	  0.680900	  1.0965	  0.2121	  0.24
32	  114	 41.013854	 37.892478	 35.698460	  0.330162	  0.406775	  0.839653	  1.2249	  0.3017	  0.23
33	  186	 44.948069	 46.258774	 58.496916	  0.408914	  0.509564	  0.744541	  1.2968	  0.3398	  0.37
34	   77	 47.773773	 40.671496	 39.641443	  0.330250	  0.321572	  0.570186	  0.9359	  0.1927	  0.15
35	  494	 44.055006	 37.437717	 36.751950	  0.963567	  0.676863	  1.139068	  2.1869	  0.4961	  0.99
36	  128	 40.360580	 40.497133	 38.888378	  0.449448	  0.335252	  0.839958	  1.2505	  0.3143	  0.26
37	  477	 50.675616	 49.076571	 34.189326	  0.611577	  0.636712	  1.019489	  1.9114	  0.3134	  0.95
38	  184	 40.388935	 45.515584	 39.045024	  0.488041	  0.378377	  1.052352	  1.4741	  0.4712	  0.37
39	   89	 46.273714	 45.995637	 55.941956	  0.401468	  0.384954	  0.421527	  0.9291	  0.1769	  0.18
40	  238	 54.443669	 34.301985	 68.982873	  0.430783	  0.746991	  0.762135	  1.4720	  0.2535	  0.48
41	  221	 48.600281	 50.289830	 68.573284	  0.493270	  0.438028	  0.619785	  1.2865	  0.2059	  0.44
42	   54	 42.227699	 39.621029	 37.670569	  0.339578	  0.214601	  0.640958	  0.8502	  0.2724	  0.11
43	   40	 45.273770	 32.088549	 37.848673	  0.247623	  0.205145	  0.541154	  0.7066	  0.2039	  0.08
44	   84	 40.312619	 37.292191	 37.875155	  0.316955	  0.337892	  0.713817	  1.0744	  0.3384	  0.17
45	  123	 40.300982	 44.651398	 43.414240	  0.581455	  0.303187	  0.636496	  1.1395	  0.2223	  0.25
46	  274	 47.645034	 43.442923	 65.187859	  0.404419	  0.604844	  0.446977	  1.3632	  0.2076	  0.55
47	  264	 50.958435	 46.157317	 34.480422	  0.622887	  0.395598	  0.711156	  1.4864	  0.2680	  0.53
48	   41	 55.301149	 34.680684	 71.417456	  0.278312	  0.191146	  0.609545	  0.7350	  0.2160	  0.08
49	   47	 55.418139	 32.165260	 68.529098	  0.292215	  0.243383	  0.485690	  0.6970	  0.1550	  0.09
50	   98	 41.118287	 40.478512	 33.674512	  0.317426	  0.381322	  0.706220	  1.0267	  0.2289	  0.20
51	   31	 52.959856	 35.387344	 69.376960	  0.242834	  0.211173	  0.617970	  0.7693	  0.2122	  0.06
52	   50	 53.211125	 37.293275	 65.091462	  0.311060	  0.272612	  0.537852	  0.7446	  0.1861	  0.10
53	   67	 59.389595	 35.038868	 65.918857	  0.346785	  0.288504	  0.667045	  0.8867	  0.2060	  0.13
54	   40	 53.334627	 46.650973	 63.035811	  0.275797	  0.242480	  0.452363	  0.6451	  0.2221	  0.08
55	   68	 55.316270	 49.599685	 72.017331	  0.334686	  0.335494	  0.349984	  0.7847	  0.1680	  0.14
56	   38	 41.948431	 37.006376	 34.338011	  0.264259	  0.227188	  0.602865	  0.7896	  0.1922	  0.08
57	   53	 61.205015	 37.215593	 70.973644	  0.248128	  0.301787	  0.532253	  0.8311	  0.1474	  0.11
58	   80	 58.031042	 34.122777	 65.821994	  0.387216	  0.261699	  0.715661	  1.0172	  0.2395	  0.16
59	   24	 40.070906	 38.244413	 36.797790	  0.205719	  0.180450	  0.590244	  0.6938	  0.2513	  0.05
60	   22	 55.620386	 36.041160	 66.049430	  0.213502	  0.188301	  0.592345	  0.6877	  0.2233	  0.04
61	   40	 41.113278	 36.339476	 33.762690	  0.306017	  0.230433	  0.496663	  0.6773	  0.1837	  0.08
62	   42	 40.560969	 39.322800	 35.553789	  0.264929	  0.229011	  0.584175	  0.7566	  0.2067	  0.08
63	  209	 47.632781	 50.960512	 44.105878	  0.391765	  0.405634	  0.387293	  1.1315	  0.1512	  0.42
64	  222	 47.154242	 44.462146	 48.280893	  0.537356	  0.406554	  0.690191	  1.3864	  0.3050	  0.44
65	  248	 51.780928	 42.444063	 37.185034	  0.446067	  0.513647	  0.382006	  1.1936	  0.1023	  0.50
66	   76	 45.959343	 40.744687	 41.776360	  0.423372	  0.285575	  0.476898	  0.9100	  0.1791	  0.15
67	   63	 40.044236	 41.980728	 36.370401	  0.356770	  0.222173	  0.689602	  0.9327	  0.2822	  0.13
68	   93	 52.725792	 31.032947	 69.123009	  0.508542	  0.263794	  0.625149	  1.0105	  0.2000	  0.19
69	   39	 44.603774	 43.655449	 48.701637	  0.297176	  0.259659	  0.445973	  0.6774	  0.2083	  0.08
70	   55	 44.341152	 39.392153	 38.396373	  0.293324	  0.295095	  0.595780	  0.7850	  0.2200	  0.11
71	   40	 49.427052	 38.577829	 49.366933	  0.220309	  0.246673	  0.324577	  0.5596	  0.1250	  0.08
72	   76	 43.748959	 35.277852	 35.283000	  0.339816	  0.302521	  0.633255	  0.9446	  0.2698	  0.15
73	   44	 52.724200	 45.962845	 33.246916	  0.240355	  0.292265	  0.555718	  0.7241	  0.1866	  0.09
74	   84	 50.113626	 50.100315	 57.442373	  0.318043	  0.403213	  0.373907	  0.8342	  0.1790	  0.17
75	   48	 42.856902	 34.119566	 38.591591	  0.264211	  0.238525	  0.465928	  0.6413	  0.1911	  0.10
76	   44	 41.044019	 47.802721	 45.626315	  0.264721	  0.250422	  0.580668	  0.7212	  0.1902	  0.09
77	   40	 40.523489	 38.832200	 33.621528	  0.280776	  0.207765	  0.534652	  0.7002	  0.1863	  0.08
78	   17	 42.677707	 42.653635	 46.753935	  0.171968	  0.132444	  0.465954	  0.5668	  0.2222	  0.03
79	   39	 52.413670	 46.474981	 36.579254	  0.273330	  0.258962	  0.321513	  0.5688	  0.1079	  0.08
80	   51	 54.782021	 45.237708	 52.946561	  0.289239	  0.261377	  0.477012	  0.7106	  0.1940	  0.10
